Sample-sensitivity evaluation towards IPCTC
Exp group: 0
ASID test scores: [0.9973994798959792, 0.9995998399359743, 1.0, 1.0, 1.0, 1.0, 1.0, 1.0, 1.0, 1.0, 1.0, 1.0, 1.0, 1.0, 1.0, 1.0, 1.0, 1.0, 1.0, 1.0]
KS test scores: [1.0, 1.0, 1.0, 1.0, 1.0, 1.0, 1.0, 1.0, 1.0, 1.0, 1.0, 1.0, 1.0, 1.0, 1.0, 1.0, 1.0, 1.0, 1.0, 1.0]
regularity test scores: [0.2998, 0.51, 0.7292917166866747, 0.8576, 0.932, 0.9759903961584634, 0.9915966386554622, 0.9904, 0.9945945945945946, 0.998, 0.9977973568281938, 0.9975961538461539, 1.0, 1.0, 1.0, 0.9967948717948718, 1.0, 1.0, 1.0, 1.0]
EN test scores: [1.0, 1.0, 1.0, 1.0, 1.0, 1.0, 1.0, 1.0, 1.0, 1.0, 1.0, 1.0, 1.0, 1.0, 1.0, 1.0, 1.0, 1.0, 1.0, 1.0]
CCE test scores: [1.0, 1.0, 1.0, 1.0, 1.0, 1.0, 1.0, 1.0, 1.0, 1.0, 1.0, 1.0, 1.0, 1.0, 1.0, 1.0, 1.0, 1.0, 1.0, 1.0]
Exp group: 1
ASID test scores: [0.995999199839968, 1.0, 1.0, 1.0, 1.0, 1.0, 1.0, 1.0, 1.0, 1.0, 1.0, 1.0, 1.0, 1.0, 1.0, 1.0, 1.0, 1.0, 1.0, 1.0]
KS test scores: [1.0, 1.0, 1.0, 1.0, 1.0, 1.0, 1.0, 1.0, 1.0, 1.0, 1.0, 1.0, 1.0, 1.0, 1.0, 1.0, 1.0, 1.0, 1.0, 1.0]
regularity test scores: [0.299, 0.5196, 0.7286914765906363, 0.8728, 0.944, 0.978391356542617, 0.9845938375350141, 0.9856, 0.9945945945945946, 0.992, 0.9977973568281938, 1.0, 0.9973958333333334, 1.0, 1.0, 1.0, 1.0, 1.0, 1.0, 1.0]
EN test scores: [1.0, 1.0, 1.0, 1.0, 1.0, 1.0, 1.0, 1.0, 1.0, 1.0, 1.0, 1.0, 1.0, 1.0, 1.0, 1.0, 1.0, 1.0, 1.0, 1.0]
CCE test scores: [1.0, 1.0, 1.0, 1.0, 1.0, 1.0, 1.0, 1.0, 1.0, 1.0, 1.0, 1.0, 1.0, 1.0, 1.0, 1.0, 1.0, 1.0, 1.0, 1.0]
Exp group: 2
ASID test scores: [1.0, 1.0, 1.0, 1.0, 1.0, 1.0, 1.0, 1.0, 1.0, 1.0, 1.0, 1.0, 1.0, 1.0, 1.0, 1.0, 1.0, 1.0, 1.0, 1.0]
KS test scores: [1.0, 1.0, 1.0, 1.0, 1.0, 1.0, 1.0, 1.0, 1.0, 1.0, 1.0, 1.0, 1.0, 1.0, 1.0, 1.0, 1.0, 1.0, 1.0, 1.0]
regularity test scores: [0.0062, 0.0084, 0.01800720288115246, 0.0264, 0.063, 0.1368547418967587, 0.18907563025210083, 0.2672, 0.4252252252252252, 0.548, 0.6145374449339207, 0.7355769230769231, 0.7578125, 0.8431372549019608, 0.9369369369369369, 0.9711538461538461, 0.935374149659864, 0.9061371841155235, 0.9771863117870723, 1.0]
EN test scores: [1.0, 1.0, 1.0, 1.0, 1.0, 1.0, 1.0, 1.0, 1.0, 1.0, 1.0, 1.0, 1.0, 1.0, 1.0, 1.0, 1.0, 1.0, 1.0, 1.0]
CCE test scores: [1.0, 1.0, 1.0, 1.0, 1.0, 1.0, 1.0, 1.0, 1.0, 1.0, 1.0, 1.0, 1.0, 1.0, 1.0, 1.0, 1.0, 1.0, 1.0, 1.0]
Exp group: 3
ASID test scores: [1.0, 1.0, 1.0, 1.0, 1.0, 1.0, 1.0, 1.0, 1.0, 1.0, 1.0, 1.0, 1.0, 1.0, 1.0, 1.0, 1.0, 1.0, 1.0, 1.0]
KS test scores: [1.0, 1.0, 1.0, 1.0, 1.0, 1.0, 1.0, 1.0, 1.0, 1.0, 1.0, 1.0, 1.0, 1.0, 1.0, 1.0, 1.0, 1.0, 1.0, 1.0]
regularity test scores: [0.0082, 0.0072, 0.024009603841536616, 0.0352, 0.067, 0.12244897959183673, 0.17086834733893558, 0.2496, 0.4774774774774775, 0.56, 0.6079295154185022, 0.7548076923076923, 0.7630208333333334, 0.834733893557423, 0.9159159159159159, 0.9615384615384616, 0.9421768707482994, 0.9061371841155235, 0.9619771863117871, 0.996]
EN test scores: [1.0, 1.0, 1.0, 1.0, 1.0, 1.0, 1.0, 1.0, 1.0, 1.0, 1.0, 1.0, 1.0, 1.0, 1.0, 1.0, 1.0, 1.0, 1.0, 1.0]
CCE test scores: [0.5548, 0.68, 0.8115246098439376, 0.9024, 0.897, 0.9459783913565426, 0.9859943977591037, 0.9728, 0.9927927927927928, 0.976, 1.0, 1.0, 1.0, 0.9971988795518207, 1.0, 1.0, 1.0, 1.0, 1.0, 1.0]
Sample-sensitivity evaluation towards TRCTC
Exp group: 0
ASID test scores: [0.20424084816963392, 0.2801120448179272, 0.35114045618247297, 0.4363490792634107, 0.48148148148148145, 0.5546218487394958, 0.5476190476190477, 0.6506410256410257, 0.7063063063063063, 0.6813627254509018, 0.711453744493392, 0.7524038461538461, 0.7994791666666666, 0.8235294117647058, 0.8168168168168168, 0.9038461538461539, 0.8571428571428571, 0.8916967509025271, 0.8783269961977186, 0.8674698795180723]
KS test scores: [0.3072, 0.4076, 0.45558223289315725, 0.3792, 0.4, 0.4345738295318127, 0.5140056022408963, 0.6176, 0.3279279279279279, 0.53, 0.5484581497797357, 0.6346153846153846, 0.6145833333333334, 0.7310924369747899, 0.7177177177177178, 0.6153846153846154, 0.5204081632653061, 0.6967509025270758, 0.5209125475285171, 0.576]
regularity test scores: [0.077, 0.0984, 0.09963985594237695, 0.0992, 0.115, 0.11884753901560624, 0.12184873949579832, 0.112, 0.13153153153153152, 0.108, 0.14096916299559473, 0.08413461538461539, 0.15364583333333334, 0.1484593837535014, 0.18018018018018017, 0.08653846153846154, 0.1598639455782313, 0.09025270758122744, 0.11787072243346007, 0.076]
EN test scores: [0.0034, 0.0008, 0.0, 0.0, 0.0, 0.0, 0.0, 0.0, 0.0, 0.0, 0.0, 0.0, 0.0, 0.0, 0.0, 0.0, 0.0, 0.0, 0.0, 0.0]
CCE test scores: [0.2522, 0.3496, 0.4069627851140456, 0.44, 0.471, 0.5210084033613446, 0.6092436974789915, 0.616, 0.6486486486486487, 0.654, 0.7577092511013216, 0.8293269230769231, 0.7760416666666666, 0.8627450980392157, 0.8858858858858859, 0.8653846153846154, 0.8775510204081632, 0.8700361010830325, 0.9011406844106464, 0.888]
Exp group: 1
ASID test scores: [0.22944588917783557, 0.3197278911564626, 0.3907563025210084, 0.4747798238590873, 0.5345345345345346, 0.5870348139255702, 0.5980392156862745, 0.6907051282051282, 0.7225225225225225, 0.7214428857715431, 0.7555066079295154, 0.7860576923076923, 0.8229166666666666, 0.8627450980392157, 0.8288288288288288, 0.8942307692307693, 0.8469387755102041, 0.9133574007220217, 0.9011406844106464, 0.9156626506024096]
KS test scores: [0.0, 0.0, 0.0, 0.0, 0.0, 0.0, 0.0, 0.0, 0.0, 0.0, 0.0, 0.0, 0.0, 0.0, 0.0, 0.0, 0.0, 0.0, 0.0, 0.0]
regularity test scores: [0.0518, 0.05, 0.05582232893157263, 0.0576, 0.044, 0.0468187274909964, 0.058823529411764705, 0.0592, 0.06306306306306306, 0.064, 0.05506607929515418, 0.057692307692307696, 0.078125, 0.056022408963585436, 0.06606606606606606, 0.041666666666666664, 0.05782312925170068, 0.05776173285198556, 0.06463878326996197, 0.056]
EN test scores: [0.0002, 0.0, 0.0, 0.0, 0.0, 0.0, 0.0, 0.0, 0.0, 0.0, 0.0, 0.0, 0.0, 0.0, 0.0, 0.0, 0.0, 0.0, 0.0, 0.0]
CCE test scores: [0.55, 0.8348, 0.8679471788715486, 0.872, 0.955, 0.9819927971188476, 0.9971988795518207, 0.9984, 1.0, 1.0, 1.0, 1.0, 1.0, 1.0, 1.0, 1.0, 1.0, 1.0, 1.0, 1.0]
Exp group: 2
ASID test scores: [0.5607121424284857, 0.8287314925970388, 0.9699879951980792, 0.9911929543634908, 0.998998998998999, 1.0, 1.0, 1.0, 1.0, 1.0, 1.0, 1.0, 1.0, 1.0, 1.0, 1.0, 1.0, 1.0, 1.0, 1.0]
KS test scores: [0.001, 0.0, 0.0, 0.0, 0.0, 0.0, 0.0, 0.0, 0.0, 0.0, 0.0, 0.0, 0.0, 0.0, 0.0, 0.0, 0.0, 0.0, 0.0, 0.0]
regularity test scores: [0.018, 0.004, 0.0012004801920768306, 0.0, 0.0, 0.0, 0.0014005602240896359, 0.0, 0.0, 0.0, 0.0, 0.0, 0.0, 0.0, 0.0, 0.0, 0.0, 0.0, 0.0, 0.0]
EN test scores: [0.395, 0.3304, 0.1758703481392557, 0.1088, 0.036, 0.008403361344537815, 0.0056022408963585435, 0.0, 0.0, 0.0, 0.0, 0.0, 0.0, 0.0, 0.0, 0.0, 0.0, 0.0, 0.0, 0.0]
CCE test scores: [0.8574, 0.9744, 0.9909963985594238, 0.9992, 1.0, 1.0, 1.0, 1.0, 1.0, 1.0, 1.0, 1.0, 1.0, 1.0, 1.0, 1.0, 1.0, 1.0, 1.0, 1.0]
Exp group: 3
ASID test scores: [0.6005201040208041, 0.8735494197679071, 0.9759903961584634, 0.9911929543634908, 0.998998998998999, 1.0, 1.0, 1.0, 1.0, 1.0, 1.0, 1.0, 1.0, 1.0, 1.0, 1.0, 1.0, 1.0, 1.0, 1.0]
KS test scores: [0.0172, 0.002, 0.0, 0.0, 0.0, 0.0, 0.0, 0.0, 0.0, 0.0, 0.0, 0.0, 0.0, 0.0, 0.0, 0.0, 0.0, 0.0, 0.0, 0.0]
regularity test scores: [0.0102, 0.0024, 0.0024009603841536613, 0.0008, 0.0, 0.0, 0.0, 0.0, 0.0, 0.0, 0.0, 0.0, 0.0, 0.0, 0.0, 0.0, 0.0, 0.0, 0.0, 0.0]
EN test scores: [0.1266, 0.0344, 0.001800720288115246, 0.0, 0.0, 0.0, 0.0, 0.0, 0.0, 0.0, 0.0, 0.0, 0.0, 0.0, 0.0, 0.0, 0.0, 0.0, 0.0, 0.0]
CCE test scores: [0.782, 0.9236, 0.9771908763505402, 0.996, 1.0, 1.0, 1.0, 1.0, 1.0, 1.0, 1.0, 1.0, 1.0, 1.0, 1.0, 1.0, 1.0, 1.0, 1.0, 1.0]
Sample-sensitivity evaluation towards LNCTC
Exp group: 0
ASID test scores: [0.5383076615323065, 0.6706682673069227, 0.7611044417767107, 0.8214571657325861, 0.8708708708708709, 0.9111644657863145, 0.9215686274509803, 0.9358974358974359, 0.9585585585585585, 0.9619238476953907, 0.973568281938326, 0.9735576923076923, 0.984375, 0.9915966386554622, 0.987987987987988, 0.9903846153846154, 0.9931972789115646, 1.0, 1.0, 1.0]
KS test scores: [1.0, 1.0, 1.0, 1.0, 1.0, 1.0, 1.0, 1.0, 1.0, 1.0, 1.0, 1.0, 1.0, 1.0, 1.0, 1.0, 1.0, 1.0, 1.0, 1.0]
regularity test scores: [0.641, 0.9156, 0.9837935174069627, 0.9976, 0.999, 1.0, 1.0, 1.0, 1.0, 1.0, 1.0, 1.0, 1.0, 1.0, 1.0, 1.0, 1.0, 1.0, 1.0, 1.0]
EN test scores: [1.0, 1.0, 1.0, 1.0, 1.0, 1.0, 1.0, 1.0, 1.0, 1.0, 1.0, 1.0, 1.0, 1.0, 1.0, 1.0, 1.0, 1.0, 1.0, 1.0]
CCE test scores: [1.0, 1.0, 1.0, 1.0, 1.0, 1.0, 1.0, 1.0, 1.0, 1.0, 1.0, 1.0, 1.0, 1.0, 1.0, 1.0, 1.0, 1.0, 1.0, 1.0]
Exp group: 1
ASID test scores: [0.5391078215643129, 0.671468587434974, 0.7448979591836735, 0.8270616493194556, 0.8488488488488488, 0.8787515006002401, 0.9187675070028011, 0.9407051282051282, 0.9495495495495495, 0.9619238476953907, 0.960352422907489, 0.9735576923076923, 0.9817708333333334, 0.9831932773109243, 0.990990990990991, 1.0, 0.9931972789115646, 1.0, 1.0, 1.0]
KS test scores: [1.0, 1.0, 1.0, 1.0, 1.0, 1.0, 1.0, 1.0, 1.0, 1.0, 1.0, 1.0, 1.0, 1.0, 1.0, 1.0, 1.0, 1.0, 1.0, 1.0]
regularity test scores: [0.654, 0.9256, 0.9891956782713085, 0.9952, 1.0, 1.0, 1.0, 1.0, 1.0, 1.0, 1.0, 1.0, 1.0, 1.0, 1.0, 1.0, 1.0, 1.0, 1.0, 1.0]
EN test scores: [1.0, 1.0, 1.0, 1.0, 1.0, 1.0, 1.0, 1.0, 1.0, 1.0, 1.0, 1.0, 1.0, 1.0, 1.0, 1.0, 1.0, 1.0, 1.0, 1.0]
CCE test scores: [1.0, 1.0, 1.0, 1.0, 1.0, 1.0, 1.0, 1.0, 1.0, 1.0, 1.0, 1.0, 1.0, 1.0, 1.0, 1.0, 1.0, 1.0, 1.0, 1.0]
Exp group: 2
ASID test scores: [0.9645929185837168, 0.9979991996798719, 1.0, 1.0, 1.0, 1.0, 1.0, 1.0, 1.0, 1.0, 1.0, 1.0, 1.0, 1.0, 1.0, 1.0, 1.0, 1.0, 1.0, 1.0]
KS test scores: [1.0, 1.0, 1.0, 1.0, 1.0, 1.0, 1.0, 1.0, 1.0, 1.0, 1.0, 1.0, 1.0, 1.0, 1.0, 1.0, 1.0, 1.0, 1.0, 1.0]
regularity test scores: [0.0402, 0.1132, 0.3127250900360144, 0.5256, 0.716, 0.8787515006002401, 0.9327731092436975, 0.9632, 0.9945945945945946, 0.994, 1.0, 0.9975961538461539, 0.9973958333333334, 1.0, 1.0, 1.0, 1.0, 1.0, 1.0, 1.0]
EN test scores: [1.0, 1.0, 1.0, 1.0, 1.0, 1.0, 1.0, 1.0, 1.0, 1.0, 1.0, 1.0, 1.0, 1.0, 1.0, 1.0, 1.0, 1.0, 1.0, 1.0]
CCE test scores: [1.0, 1.0, 1.0, 1.0, 1.0, 1.0, 1.0, 1.0, 1.0, 1.0, 1.0, 1.0, 1.0, 1.0, 1.0, 1.0, 1.0, 1.0, 1.0, 1.0]
Exp group: 3
ASID test scores: [0.9643928785757151, 0.9991996798719488, 1.0, 1.0, 1.0, 1.0, 1.0, 1.0, 1.0, 1.0, 1.0, 1.0, 1.0, 1.0, 1.0, 1.0, 1.0, 1.0, 1.0, 1.0]
KS test scores: [1.0, 1.0, 1.0, 1.0, 1.0, 1.0, 1.0, 1.0, 1.0, 1.0, 1.0, 1.0, 1.0, 1.0, 1.0, 1.0, 1.0, 1.0, 1.0, 1.0]
regularity test scores: [0.0474, 0.1264, 0.32953181272509, 0.5272, 0.714, 0.8787515006002401, 0.9215686274509803, 0.9616, 0.9837837837837838, 0.99, 0.9889867841409692, 0.9927884615384616, 0.9947916666666666, 0.9943977591036415, 1.0, 0.9935897435897436, 1.0, 1.0, 0.9961977186311787, 1.0]
EN test scores: [1.0, 1.0, 1.0, 1.0, 1.0, 1.0, 1.0, 1.0, 1.0, 1.0, 1.0, 1.0, 1.0, 1.0, 1.0, 1.0, 1.0, 1.0, 1.0, 1.0]
CCE test scores: [1.0, 1.0, 1.0, 1.0, 1.0, 1.0, 1.0, 1.0, 1.0, 1.0, 1.0, 1.0, 1.0, 1.0, 1.0, 1.0, 1.0, 1.0, 1.0, 1.0]
Sample-sensitivity evaluation towards Jitterbug
Exp group: 0
ASID test scores: [0.9107821564312862, 0.9367747098839536, 0.9561824729891957, 0.9623698959167334, 0.970970970970971, 0.9747899159663865, 0.9817927170868347, 0.9807692307692307, 0.9891891891891892, 0.9919839679358717, 0.986784140969163, 0.9855769230769231, 0.9895833333333334, 0.9915966386554622, 0.990990990990991, 0.9903846153846154, 0.9931972789115646, 0.9963898916967509, 0.9961977186311787, 0.9959839357429718]
KS test scores: [1.0, 1.0, 1.0, 1.0, 1.0, 1.0, 1.0, 1.0, 1.0, 1.0, 1.0, 1.0, 1.0, 1.0, 1.0, 1.0, 1.0, 1.0, 1.0, 1.0]
regularity test scores: [0.19, 0.1632, 0.1452581032412965, 0.1616, 0.161, 0.19567827130852342, 0.22268907563025211, 0.2032, 0.21081081081081082, 0.222, 0.23788546255506607, 0.1778846153846154, 0.2838541666666667, 0.25210084033613445, 0.2822822822822823, 0.20512820512820512, 0.2619047619047619, 0.23826714801444043, 0.2509505703422053, 0.212]
EN test scores: [0.8878, 0.9168, 0.9387755102040817, 0.9456, 0.951, 0.9603841536614646, 0.9635854341736695, 0.9696, 0.9675675675675676, 0.972, 0.9823788546255506, 0.9783653846153846, 0.9765625, 0.9803921568627451, 0.987987987987988, 0.9807692307692307, 0.9795918367346939, 0.9855595667870036, 0.9809885931558935, 0.988]
CCE test scores: [0.9736, 0.9788, 0.9807923169267707, 0.984, 0.984, 0.9879951980792316, 0.9873949579831933, 0.9856, 0.9891891891891892, 0.99, 0.9889867841409692, 0.9927884615384616, 0.9895833333333334, 0.9943977591036415, 0.990990990990991, 0.9871794871794872, 0.9965986394557823, 0.9927797833935018, 0.9923954372623575, 0.992]
Exp group: 1
ASID test scores: [0.985997199439888, 0.994797919167667, 0.9951980792316927, 0.9959967974379503, 0.996996996996997, 0.9987995198079231, 0.9971988795518207, 1.0, 0.9981981981981982, 0.9979959919839679, 1.0, 1.0, 1.0, 1.0, 1.0, 1.0, 1.0, 1.0, 1.0, 1.0]
KS test scores: [1.0, 1.0, 1.0, 1.0, 1.0, 1.0, 1.0, 1.0, 1.0, 1.0, 1.0, 1.0, 1.0, 1.0, 1.0, 1.0, 1.0, 1.0, 1.0, 1.0]
regularity test scores: [0.4208, 0.3524, 0.3007202881152461, 0.2736, 0.241, 0.21248499399759904, 0.19747899159663865, 0.1616, 0.14954954954954955, 0.15, 0.14096916299559473, 0.16105769230769232, 0.13020833333333334, 0.13445378151260504, 0.12312312312312312, 0.10897435897435898, 0.11904761904761904, 0.10830324909747292, 0.10646387832699619, 0.112]
EN test scores: [0.9796, 0.9904, 0.9921968787515006, 0.9952, 0.994, 0.9939975990396158, 0.9929971988795518, 0.992, 0.990990990990991, 0.994, 0.9933920704845814, 0.9927884615384616, 0.9947916666666666, 0.9971988795518207, 0.993993993993994, 0.9935897435897436, 0.9965986394557823, 0.9963898916967509, 0.9961977186311787, 0.996]
CCE test scores: [0.9954, 0.9948, 0.9963985594237695, 0.996, 0.996, 0.9963985594237695, 0.9957983193277311, 0.9952, 0.9927927927927928, 0.996, 0.9955947136563876, 0.9951923076923077, 0.9973958333333334, 0.9971988795518207, 0.996996996996997, 0.9967948717948718, 0.9965986394557823, 0.9963898916967509, 0.9961977186311787, 0.996]
Exp group: 2
ASID test scores: [0.9997999599919984, 1.0, 1.0, 1.0, 1.0, 1.0, 1.0, 1.0, 1.0, 1.0, 1.0, 1.0, 1.0, 1.0, 1.0, 1.0, 1.0, 1.0, 1.0, 1.0]
KS test scores: [0.0, 0.0, 0.0, 0.0, 0.0, 0.0, 0.0, 0.0, 0.0, 0.0, 0.0, 0.0, 0.0, 0.0, 0.0, 0.0, 0.0, 0.0, 0.0, 0.0]
regularity test scores: [0.041, 0.1156, 0.21248499399759904, 0.3216, 0.415, 0.5222088835534213, 0.5686274509803921, 0.5856, 0.6792792792792792, 0.672, 0.6916299559471366, 0.6850961538461539, 0.6614583333333334, 0.6890756302521008, 0.7657657657657657, 0.7724358974358975, 0.7448979591836735, 0.6389891696750902, 0.7110266159695817, 0.788]
EN test scores: [1.0, 1.0, 1.0, 1.0, 1.0, 1.0, 1.0, 1.0, 1.0, 1.0, 1.0, 1.0, 1.0, 1.0, 1.0, 1.0, 1.0, 1.0, 1.0, 1.0]
CCE test scores: [0.9802, 0.978, 0.9771908763505402, 0.9808, 0.978, 0.9795918367346939, 0.9831932773109243, 0.9792, 0.9819819819819819, 0.978, 0.986784140969163, 0.9831730769230769, 0.9869791666666666, 0.9831932773109243, 0.987987987987988, 0.9903846153846154, 0.9863945578231292, 0.9927797833935018, 0.9809885931558935, 0.988]
Exp group: 3
ASID test scores: [1.0, 1.0, 1.0, 1.0, 1.0, 1.0, 1.0, 1.0, 1.0, 1.0, 1.0, 1.0, 1.0, 1.0, 1.0, 1.0, 1.0, 1.0, 1.0, 1.0]
KS test scores: [1.0, 1.0, 1.0, 1.0, 1.0, 1.0, 1.0, 1.0, 1.0, 1.0, 1.0, 1.0, 1.0, 1.0, 1.0, 1.0, 1.0, 1.0, 1.0, 1.0]
regularity test scores: [0.5476, 0.794, 0.921968787515006, 0.9496, 0.96, 0.9615846338535414, 0.9663865546218487, 0.9664, 0.9621621621621622, 0.966, 0.960352422907489, 0.96875, 0.9609375, 0.9607843137254902, 0.9579579579579579, 0.9583333333333334, 0.95578231292517, 0.9530685920577617, 0.9581749049429658, 0.96]
EN test scores: [1.0, 1.0, 1.0, 1.0, 1.0, 1.0, 1.0, 1.0, 1.0, 1.0, 1.0, 1.0, 1.0, 1.0, 1.0, 1.0, 1.0, 1.0, 1.0, 1.0]
CCE test scores: [0.98, 0.9776, 0.9759903961584634, 0.9816, 0.978, 0.9795918367346939, 0.9817927170868347, 0.9792, 0.9819819819819819, 0.978, 0.986784140969163, 0.9831730769230769, 0.9869791666666666, 0.9831932773109243, 0.987987987987988, 0.9903846153846154, 0.9863945578231292, 0.9927797833935018, 0.9809885931558935, 0.988]
Sample-sensitivity evaluation towards IPCTC
Exp group: 0
ASID test scores: [0.9995679135827166, 0.9999799919967988, 1.0, 1.0, 1.0, 1.0, 1.0, 1.0, 1.0, 1.0, 1.0, 1.0, 1.0, 1.0, 1.0, 1.0, 1.0, 1.0, 1.0, 1.0]
KS test scores: [1.0, 1.0, 1.0, 1.0, 1.0, 1.0, 1.0, 1.0, 1.0, 1.0, 1.0, 1.0, 1.0, 1.0, 1.0, 1.0, 1.0, 1.0, 1.0, 1.0]
regularity test scores: [0.854204, 0.9302320000000001, 0.959828931572629, 0.975688, 0.980645, 0.988967587034814, 0.9919957983193277, 0.9923120000000001, 0.9942252252252253, 0.9970399999999999, 0.9986453744493392, 0.9979927884615385, 0.9992708333333333, 0.9994117647058823, 0.9997297297297297, 0.9997916666666666, 0.9975510204081632, 0.9999638989169675, 1.0, 0.99998]
EN test scores: [1.0, 1.0, 1.0, 1.0, 1.0, 1.0, 1.0, 1.0, 1.0, 1.0, 1.0, 1.0, 1.0, 1.0, 1.0, 1.0, 1.0, 1.0, 1.0, 1.0]
CCE test scores: [1.0, 1.0, 1.0, 1.0, 1.0, 1.0, 1.0, 1.0, 1.0, 1.0, 1.0, 1.0, 1.0, 1.0, 1.0, 1.0, 1.0, 1.0, 1.0, 1.0]
Exp group: 1
ASID test scores: [0.9994588917783558, 1.0, 1.0, 1.0, 1.0, 1.0, 1.0, 1.0, 1.0, 1.0, 1.0, 1.0, 1.0, 1.0, 1.0, 1.0, 1.0, 1.0, 1.0, 1.0]
KS test scores: [1.0, 1.0, 1.0, 1.0, 1.0, 1.0, 1.0, 1.0, 1.0, 1.0, 1.0, 1.0, 1.0, 1.0, 1.0, 1.0, 1.0, 1.0, 1.0, 1.0]
regularity test scores: [0.8566959999999999, 0.93205, 0.9621248499399759, 0.9764079999999999, 0.98148, 0.989921968787515, 0.9919187675070028, 0.99292, 0.9945765765765766, 0.99701, 0.9986563876651983, 0.998389423076923, 0.9990234375, 0.999593837535014, 0.9998048048048048, 0.9997275641025641, 0.9978231292517007, 0.9998375451263538, 0.9999429657794676, 0.99988]
EN test scores: [1.0, 1.0, 1.0, 1.0, 1.0, 1.0, 1.0, 1.0, 1.0, 1.0, 1.0, 1.0, 1.0, 1.0, 1.0, 1.0, 1.0, 1.0, 1.0, 1.0]
CCE test scores: [1.0, 1.0, 1.0, 1.0, 1.0, 1.0, 1.0, 1.0, 1.0, 1.0, 1.0, 1.0, 1.0, 1.0, 1.0, 1.0, 1.0, 1.0, 1.0, 1.0]
Exp group: 2
ASID test scores: [0.9999339867973595, 1.0, 1.0, 1.0, 1.0, 1.0, 1.0, 1.0, 1.0, 1.0, 1.0, 1.0, 1.0, 1.0, 1.0, 1.0, 1.0, 1.0, 1.0, 1.0]
KS test scores: [0.996286, 0.999984, 0.9999969987995199, 0.999996, 0.999995, 1.0, 1.0, 1.0, 1.0, 1.0, 1.0, 1.0, 1.0, 1.0, 1.0, 1.0, 1.0, 1.0, 1.0, 1.0]
regularity test scores: [0.5835319999999999, 0.704328, 0.7770288115246099, 0.81948, 0.85701, 0.8852761104441776, 0.9089495798319328, 0.926504, 0.9395225225225226, 0.9484199999999999, 0.95284140969163, 0.9624038461538462, 0.9598697916666667, 0.9629971988795518, 0.9745195195195195, 0.978125, 0.9818197278911565, 0.9779783393501805, 0.9843536121673003, 0.99284]
EN test scores: [0.995, 0.995, 0.995, 0.995, 0.995, 1.0, 1.0, 1.0, 1.0, 1.0, 1.0, 1.0, 1.0, 1.0, 1.0, 1.0, 1.0, 1.0, 1.0, 1.0]
CCE test scores: [0.99715, 0.996162, 0.9955702280912365, 0.9952799999999999, 0.99516, 0.9953121248499399, 0.9980042016806723, 0.99532, 0.998945945945946, 0.9998, 0.9995154185022026, 0.9980889423076923, 0.9959244791666666, 0.9999299719887955, 1.0, 0.9985576923076923, 1.0, 1.0, 1.0, 1.0]
Exp group: 3
ASID test scores: [0.9999159831966393, 0.9999979991996799, 1.0, 1.0, 1.0, 1.0, 1.0, 1.0, 1.0, 1.0, 1.0, 1.0, 1.0, 1.0, 1.0, 1.0, 1.0, 1.0, 1.0, 1.0]
KS test scores: [1.0, 1.0, 1.0, 1.0, 1.0, 1.0, 1.0, 1.0, 1.0, 1.0, 1.0, 1.0, 1.0, 1.0, 1.0, 1.0, 1.0, 1.0, 1.0, 1.0]
regularity test scores: [0.586074, 0.705144, 0.7750540216086435, 0.8151680000000001, 0.85659, 0.8860204081632653, 0.9067086834733893, 0.923768, 0.9410180180180181, 0.94804, 0.9509691629955948, 0.9613461538461539, 0.9602604166666667, 0.9611764705882353, 0.9733483483483483, 0.9773557692307693, 0.9809013605442176, 0.9774548736462094, 0.9838212927756654, 0.9921]
EN test scores: [0.995, 0.995, 0.995, 0.995, 0.995, 1.0, 1.0, 1.0, 1.0, 1.0, 1.0, 1.0, 1.0, 1.0, 1.0, 1.0, 1.0, 1.0, 1.0, 1.0]
CCE test scores: [0.951708, 0.9575319999999999, 0.9612545018007203, 0.9647600000000001, 0.96439, 0.9672208883553421, 0.9676190476190476, 0.970776, 0.9697207207207208, 0.9710200000000001, 0.9699559471365639, 0.9746634615384615, 0.97578125, 0.975140056022409, 0.9811561561561561, 0.9831089743589744, 0.9779251700680271, 0.9765162454873646, 0.9797148288973384, 0.976]
Sample-sensitivity evaluation towards TRCTC
Exp group: 0
ASID test scores: [0.7458311662332466, 0.8173409363745497, 0.85625150060024, 0.8872297838270615, 0.903958958958959, 0.9211344537815126, 0.9317927170868348, 0.9448717948717948, 0.9497027027027027, 0.9504509018036071, 0.9592400881057268, 0.9668990384615386, 0.9724609375, 0.9724089635854342, 0.9762312312312312, 0.9784455128205128, 0.9799489795918367, 0.9822743682310469, 0.9825475285171104, 0.982570281124498]
KS test scores: [0.905778, 0.933532, 0.939639855942377, 0.9384239999999999, 0.94003, 0.944327731092437, 0.9461064425770308, 0.949608, 0.9406576576576577, 0.95018, 0.950374449339207, 0.9564423076923076, 0.951953125, 0.9520308123249299, 0.9566516516516517, 0.9491666666666667, 0.9470748299319728, 0.951101083032491, 0.9482319391634981, 0.953]
regularity test scores: [0.6495090000000001, 0.6981960000000001, 0.722797118847539, 0.72064, 0.73638, 0.7365546218487394, 0.7517927170868348, 0.741432, 0.7480630630630631, 0.73874, 0.7604185022026432, 0.7454567307692308, 0.7561979166666667, 0.7565126050420168, 0.7546096096096097, 0.7476923076923077, 0.7509523809523809, 0.7390433212996389, 0.7494296577946769, 0.72744]
EN test scores: [0.6052519999999999, 0.5946480000000001, 0.5953481392557023, 0.59596, 0.59099, 0.5945918367346938, 0.5890196078431372, 0.588248, 0.6060990990990991, 0.59334, 0.6080837004405286, 0.6043750000000001, 0.6016145833333333, 0.6095938375350141, 0.6257207207207207, 0.5924038461538461, 0.6174149659863946, 0.6222924187725631, 0.6162927756653993, 0.62656]
CCE test scores: [0.752599, 0.825666, 0.8587605042016807, 0.8793199999999999, 0.9000400000000001, 0.9084993997599039, 0.9261064425770309, 0.9366319999999999, 0.9453333333333334, 0.94872, 0.9617070484581498, 0.9732091346153846, 0.9618880208333332, 0.9738515406162466, 0.9714864864864865, 0.9708814102564103, 0.9787925170068028, 0.978086642599278, 0.9799239543726236, 0.9814]
Exp group: 1
ASID test scores: [0.7558271654330866, 0.8290316126450581, 0.8702310924369747, 0.8998799039231385, 0.9152252252252252, 0.9323829531812725, 0.9416806722689075, 0.9535096153846154, 0.956135135135135, 0.9607214428857715, 0.967522026431718, 0.9731971153846153, 0.9782031250000001, 0.978375350140056, 0.9814414414414414, 0.9833493589743589, 0.9854931972789116, 0.9880144404332131, 0.9884410646387832, 0.988714859437751]
KS test scores: [0.782708, 0.816736, 0.8358163265306122, 0.83908, 0.84742, 0.8474129651860745, 0.8486134453781513, 0.8464400000000001, 0.8483873873873874, 0.84848, 0.8456387665198237, 0.8575480769230769, 0.848984375, 0.8525070028011204, 0.8445495495495496, 0.8462820512820513, 0.8478231292517007, 0.8439530685920578, 0.8506653992395437, 0.84704]
regularity test scores: [0.6249440000000002, 0.6517820000000001, 0.6658943577430972, 0.66222, 0.66943, 0.6676830732292917, 0.6614705882352941, 0.662336, 0.6555045045045045, 0.65291, 0.661431718061674, 0.6428966346153846, 0.6403385416666666, 0.6335994397759104, 0.6349849849849849, 0.6499038461538461, 0.6243197278911564, 0.6182671480144404, 0.6268060836501901, 0.61792]
EN test scores: [0.527084, 0.5561119999999999, 0.5703241296518606, 0.5767280000000001, 0.5837, 0.5915426170468188, 0.5923529411764705, 0.589896, 0.6080090090090091, 0.6045400000000001, 0.609977973568282, 0.6054086538461538, 0.619609375, 0.627436974789916, 0.634039039039039, 0.6344871794871795, 0.6340816326530613, 0.6214981949458483, 0.6507414448669201, 0.643]
CCE test scores: [0.8964819999999999, 0.963206, 0.9745678271308523, 0.9774560000000001, 0.990365, 0.9944477791116446, 0.9978571428571429, 0.9991919999999999, 0.9998198198198198, 0.99991, 0.9999779735682819, 0.9999278846153846, 0.9997786458333333, 0.9999159663865547, 0.9996846846846847, 0.9997756410256411, 0.9997448979591836, 0.99971119133574, 0.9995627376425855, 0.99988]
Exp group: 2
ASID test scores: [0.9368763752750551, 0.9624069627851141, 0.9698079231692678, 0.9725740592473979, 0.9750800800800801, 0.971638655462185, 0.9763305322128852, 0.9733333333333334, 0.9777747747747748, 0.9768436873747495, 0.9785242290748899, 0.9837740384615384, 0.9761979166666667, 0.9849159663865547, 0.9849399399399399, 0.9822115384615384, 0.9837074829931973, 0.9849638989169676, 0.9856844106463878, 0.9936345381526104]
KS test scores: [0.51796, 0.545592, 0.560702280912365, 0.5617439999999999, 0.57795, 0.5729351740696278, 0.5719747899159664, 0.575576, 0.5798288288288289, 0.57864, 0.6006828193832598, 0.6023798076923077, 0.5957291666666666, 0.5907983193277311, 0.6079729729729729, 0.607275641025641, 0.5930612244897959, 0.616768953068592, 0.6116159695817491, 0.6162]
regularity test scores: [0.6501939999999999, 0.6695920000000001, 0.6714105642256902, 0.679216, 0.69199, 0.6818187274909964, 0.6703361344537815, 0.676696, 0.6597927927927928, 0.66564, 0.6567621145374449, 0.6498557692307692, 0.6361979166666667, 0.6341316526610643, 0.6215165165165165, 0.6276923076923077, 0.622312925170068, 0.6143140794223827, 0.6137072243346008, 0.59416]
EN test scores: [0.9132250000000001, 0.912238, 0.897328931572629, 0.886656, 0.86567, 0.8490096038415367, 0.8334593837535014, 0.803704, 0.7850720720720721, 0.7661199999999999, 0.7604845814977974, 0.7348557692307692, 0.7119270833333333, 0.7330392156862745, 0.7003453453453453, 0.7014743589743588, 0.6996938775510204, 0.6843501805054151, 0.667319391634981, 0.65148]
CCE test scores: [0.976189, 0.99368, 0.9977130852340936, 0.999396, 0.9998400000000001, 0.9999279711884754, 0.9999719887955182, 1.0, 0.999990990990991, 1.0, 1.0, 1.0, 1.0, 1.0, 1.0, 1.0, 1.0, 1.0, 1.0, 1.0]
Exp group: 3
ASID test scores: [0.9419353870774155, 0.9655202080832332, 0.9719087635054022, 0.9746236989591673, 0.9764914914914915, 0.9736554621848739, 0.9779131652661065, 0.9754647435897436, 0.9796846846846847, 0.9777855711422846, 0.9803524229074889, 0.9846394230769231, 0.9776041666666666, 0.9849719887955182, 0.98496996996997, 0.98375, 0.9844557823129252, 0.9850361010830325, 0.9869011406844106, 0.9945983935742972]
KS test scores: [0.632492, 0.6084160000000001, 0.5932352941176471, 0.5948, 0.5787199999999999, 0.5885774309723889, 0.57609243697479, 0.57732, 0.5708558558558559, 0.5813200000000001, 0.5676872246696035, 0.5640384615384616, 0.5602343750000001, 0.5657563025210084, 0.5596846846846848, 0.5575641025641026, 0.557687074829932, 0.5476353790613718, 0.569106463878327, 0.55496]
regularity test scores: [0.660298, 0.68762, 0.6958883553421369, 0.6982079999999999, 0.70451, 0.6918307322929171, 0.6834453781512606, 0.681096, 0.6574684684684684, 0.66598, 0.6533039647577092, 0.6468028846153846, 0.63671875, 0.6293697478991597, 0.613108108108108, 0.6176602564102565, 0.6091836734693877, 0.6035559566787003, 0.6038973384030418, 0.5828]
EN test scores: [0.846514, 0.8183959999999999, 0.7837695078031213, 0.7479199999999999, 0.7224700000000001, 0.7018427370948379, 0.6551120448179272, 0.6415599999999999, 0.6149099099099099, 0.59964, 0.5922246696035243, 0.5855048076923077, 0.5696875, 0.573375350140056, 0.5455105105105105, 0.5597435897435898, 0.5481292517006803, 0.5361552346570397, 0.5357224334600761, 0.52888]
CCE test scores: [0.9615739999999999, 0.9860180000000001, 0.9940726290516206, 0.9982800000000001, 0.99948, 0.9996038415366146, 0.9998039215686274, 0.9998800000000001, 0.999936936936937, 0.99986, 0.9999779735682819, 0.9999759615384616, 0.9999479166666667, 1.0, 1.0, 1.0, 1.0, 1.0, 1.0, 1.0]
Sample-sensitivity evaluation towards LNCTC
Exp group: 0
ASID test scores: [0.8252230446089219, 0.9153941576630652, 0.9527671068427369, 0.9743634907926342, 0.9828378378378377, 0.9888835534213687, 0.9936764705882354, 0.9956891025641026, 0.9975225225225226, 0.9984869739478959, 0.9992841409691631, 0.9996875000000001, 0.9998828125, 0.9997759103641457, 0.9998948948948949, 0.9999038461538461, 0.9999829931972789, 1.0, 1.0, 1.0]
KS test scores: [1.0, 1.0, 1.0, 1.0, 1.0, 1.0, 1.0, 1.0, 1.0, 1.0, 1.0, 1.0, 1.0, 1.0, 1.0, 1.0, 1.0, 1.0, 1.0, 1.0]
regularity test scores: [0.941844, 0.983266, 0.9944867947178871, 0.996852, 0.9981800000000001, 0.9994237695078031, 0.9994047619047619, 0.999624, 0.9998468468468469, 0.9999899999999999, 1.0, 0.9999879807692308, 1.0, 1.0, 1.0, 1.0, 1.0, 1.0, 1.0, 1.0]
EN test scores: [0.9903420000000001, 0.995, 0.9954501800720288, 1.0, 1.0, 1.0, 1.0, 1.0, 1.0, 1.0, 1.0, 1.0, 1.0, 1.0, 1.0, 1.0, 1.0, 1.0, 1.0, 1.0]
CCE test scores: [1.0, 1.0, 1.0, 1.0, 1.0, 1.0, 1.0, 1.0, 1.0, 1.0, 1.0, 1.0, 1.0, 1.0, 1.0, 1.0, 1.0, 1.0, 1.0, 1.0]
Exp group: 1
ASID test scores: [0.827721544308862, 0.9161304521808723, 0.9500360144057621, 0.9708967173738992, 0.9818668668668669, 0.9891836734693877, 0.9932913165266106, 0.9956009615384616, 0.9973063063063063, 0.9988877755511022, 0.9991519823788547, 0.9997956730769231, 0.9998177083333334, 0.9998459383753502, 0.999984984984985, 0.9999679487179487, 0.9998979591836734, 1.0, 1.0, 1.0]
KS test scores: [1.0, 1.0, 1.0, 1.0, 1.0, 1.0, 1.0, 1.0, 1.0, 1.0, 1.0, 1.0, 1.0, 1.0, 1.0, 1.0, 1.0, 1.0, 1.0, 1.0]
regularity test scores: [0.942937, 0.98408, 0.9953301320528212, 0.9967919999999999, 0.9985200000000001, 0.9994777911164465, 0.9994887955182072, 0.999696, 0.9998198198198198, 1.0, 1.0, 1.0, 1.0, 1.0, 1.0, 1.0, 1.0, 1.0, 1.0, 1.0]
EN test scores: [0.988492, 0.995, 0.9950720288115247, 1.0, 1.0, 1.0, 1.0, 1.0, 1.0, 1.0, 1.0, 1.0, 1.0, 1.0, 1.0, 1.0, 1.0, 1.0, 1.0, 1.0]
CCE test scores: [1.0, 1.0, 1.0, 1.0, 1.0, 1.0, 1.0, 1.0, 1.0, 1.0, 1.0, 1.0, 1.0, 1.0, 1.0, 1.0, 1.0, 1.0, 1.0, 1.0]
Exp group: 2
ASID test scores: [0.9920774154830966, 0.9961404561824729, 0.9966176470588235, 0.9984347477982386, 0.9998098098098098, 0.9999699879951981, 0.9996218487394958, 1.0, 1.0, 1.0, 1.0, 1.0, 1.0, 1.0, 1.0, 1.0, 1.0, 1.0, 1.0, 1.0]
KS test scores: [0.995, 0.995, 0.995, 0.995, 0.995, 1.0, 1.0, 1.0, 1.0, 1.0, 1.0, 1.0, 1.0, 1.0, 1.0, 1.0, 1.0, 1.0, 1.0, 1.0]
regularity test scores: [0.7280139999999999, 0.852212, 0.9107142857142858, 0.940104, 0.95884, 0.976656662665066, 0.9840336134453782, 0.985352, 0.9935585585585586, 0.99057, 0.9957599118942732, 0.9946274038461538, 0.9936848958333333, 0.9985294117647059, 0.995015015015015, 0.999599358974359, 0.9999489795918367, 0.9998736462093862, 0.9999809885931559, 0.99848]
EN test scores: [0.995, 0.995, 0.995, 0.995, 0.995, 1.0, 1.0, 1.0, 1.0, 1.0, 1.0, 1.0, 1.0, 1.0, 1.0, 1.0, 1.0, 1.0, 1.0, 1.0]
CCE test scores: [1.0, 1.0, 1.0, 1.0, 1.0, 1.0, 1.0, 1.0, 1.0, 1.0, 1.0, 1.0, 1.0, 1.0, 1.0, 1.0, 1.0, 1.0, 1.0, 1.0]
Exp group: 3
ASID test scores: [0.9913562712542507, 0.9961124449779912, 0.9965906362545018, 0.9984147317854284, 0.9998148148148148, 0.9999759903961585, 0.9996848739495798, 1.0, 1.0, 1.0, 1.0, 1.0, 1.0, 1.0, 1.0, 1.0, 1.0, 1.0, 1.0, 1.0]
KS test scores: [1.0, 1.0, 1.0, 1.0, 1.0, 1.0, 1.0, 1.0, 1.0, 1.0, 1.0, 1.0, 1.0, 1.0, 1.0, 1.0, 1.0, 1.0, 1.0, 1.0]
regularity test scores: [0.730274, 0.851696, 0.9104141656662665, 0.938864, 0.95794, 0.9758343337334934, 0.9832352941176471, 0.9850720000000001, 0.9931351351351352, 0.9900500000000001, 0.9949008810572688, 0.9939423076923077, 0.9934375, 0.9977871148459383, 0.9947747747747748, 0.9988621794871795, 0.9996768707482993, 0.999927797833935, 0.9996007604562738, 0.99884]
EN test scores: [0.995, 0.995, 0.995, 0.995, 0.995, 1.0, 1.0, 1.0, 1.0, 1.0, 1.0, 1.0, 1.0, 1.0, 1.0, 1.0, 1.0, 1.0, 1.0, 1.0]
CCE test scores: [0.997082, 0.995966, 0.9954681872749099, 0.995236, 0.995105, 0.995234093637455, 0.9978641456582633, 0.9951760000000001, 0.9988198198198198, 0.99982, 0.9994933920704846, 0.9978846153846154, 0.995703125, 0.9998739495798319, 1.0, 0.9982532051282051, 1.0, 1.0, 1.0, 1.0]
Sample-sensitivity evaluation towards Jitterbug
Exp group: 0
ASID test scores: [0.9496609321864373, 0.965872348939576, 0.9743217286914767, 0.9795196156925541, 0.9829729729729728, 0.9871068427370949, 0.9898669467787116, 0.9905288461538463, 0.9922792792792792, 0.9932765531062124, 0.9919273127753305, 0.9925120192307693, 0.9948307291666667, 0.9949579831932773, 0.9968168168168167, 0.9960737179487181, 0.9964455782312922, 0.9964079422382669, 0.9961787072243344, 0.9977309236947791]
KS test scores: [1.0, 1.0, 1.0, 1.0, 1.0, 1.0, 1.0, 1.0, 1.0, 1.0, 1.0, 1.0, 1.0, 1.0, 1.0, 1.0, 1.0, 1.0, 1.0, 1.0]
regularity test scores: [0.5735740000000001, 0.518822, 0.5306632653061225, 0.5692520000000001, 0.588735, 0.6115846338535414, 0.6268417366946779, 0.657336, 0.6594864864864864, 0.67031, 0.6859911894273127, 0.6738341346153846, 0.6961458333333334, 0.6933753501400559, 0.7022222222222223, 0.7100961538461537, 0.7033333333333334, 0.7031588447653431, 0.7186882129277566, 0.7086800000000001]
EN test scores: [0.9749109999999999, 0.9823040000000001, 0.9856542617046818, 0.9874679999999998, 0.9881049999999999, 0.9895498199279715, 0.9891806722689075, 0.989128, 0.9895945945945945, 0.99176, 0.9906497797356827, 0.9910576923076919, 0.9925911458333333, 0.9945518207282914, 0.9934534534534536, 0.9916185897435894, 0.99406462585034, 0.9941877256317686, 0.9942775665399237, 0.99454]
CCE test scores: [0.9871550000000001, 0.989384, 0.9889735894357743, 0.9913159999999999, 0.9912649999999998, 0.9912124849939976, 0.9911764705882353, 0.9915680000000002, 0.9892252252252254, 0.9931099999999999, 0.9916960352422907, 0.9946634615384613, 0.9958463541666667, 0.9966246498599441, 0.9951201201201201, 0.9928685897435894, 0.9965476190476188, 0.9959205776173282, 0.9957604562737641, 0.9956799999999999]
Exp group: 1
ASID test scores: [0.9932296459291858, 0.9970808323329331, 0.9979681872749102, 0.9975940752602082, 0.9983733733733733, 0.9997118847539015, 0.9992577030812324, 1.0, 0.999990990990991, 0.999188376753507, 1.0, 1.0, 1.0, 1.0, 1.0, 1.0, 1.0, 1.0, 1.0, 1.0]
KS test scores: [1.0, 1.0, 1.0, 1.0, 1.0, 1.0, 1.0, 1.0, 1.0, 1.0, 1.0, 1.0, 1.0, 1.0, 1.0, 1.0, 1.0, 1.0, 1.0, 1.0]
regularity test scores: [0.702768, 0.6561380000000001, 0.6275720288115246, 0.60354, 0.5926199999999999, 0.5818667466986795, 0.5813305322128851, 0.5646880000000001, 0.5726396396396397, 0.5724099999999999, 0.5636453744493393, 0.58484375, 0.5760677083333333, 0.5841316526610644, 0.5910960960960961, 0.5798076923076922, 0.5967517006802721, 0.5991696750902527, 0.5890874524714829, 0.60954]
EN test scores: [0.9936299999999999, 0.9947999999999999, 0.9958073229291715, 0.9959199999999998, 0.9960649999999999, 0.9960804321728691, 0.9954621848739499, 0.9951439999999996, 0.9963693693693696, 0.9968700000000001, 0.9952202643171806, 0.9946394230769228, 0.99703125, 0.9971148459383754, 0.9964114114114113, 0.9955769230769232, 0.9965646258503399, 0.9963718411552343, 0.9961977186311786, 0.9959799999999999]
CCE test scores: [0.9967390000000002, 0.9957679999999998, 0.9974189675870349, 0.9965839999999998, 0.99636, 0.9963385354141658, 0.9957773109243696, 0.9965519999999999, 0.9966846846846849, 0.9978900000000003, 0.9955837004405288, 0.9951923076923073, 0.9973958333333333, 0.9971988795518208, 0.996996996996997, 0.9967948717948719, 0.996598639455782, 0.9963898916967506, 0.9961977186311786, 0.996]
Exp group: 2
ASID test scores: [0.9999419883976796, 0.9999919967987195, 0.9999969987995199, 1.0, 1.0, 1.0, 1.0, 1.0, 1.0, 1.0, 1.0, 1.0, 1.0, 1.0, 1.0, 1.0, 1.0, 1.0, 1.0, 1.0]
KS test scores: [0.905, 0.915, 0.915, 0.915, 0.915, 0.9249999999999999, 0.9249999999999999, 0.9249999999999999, 0.9249999999999999, 0.9249999999999999, 0.9249999999999999, 0.9349999999999999, 0.9349999999999999, 0.9349999999999999, 0.9349999999999999, 0.9349999999999999, 0.9349999999999999, 0.945, 0.9349999999999999, 0.945]
regularity test scores: [0.718118, 0.819608, 0.8623649459783913, 0.884256, 0.9003399999999999, 0.9176650660264105, 0.9247268907563024, 0.930976, 0.9405315315315316, 0.9394600000000001, 0.9408700440528635, 0.9447836538461538, 0.94046875, 0.942156862745098, 0.9466666666666665, 0.951602564102564, 0.9479761904761904, 0.9392238267148014, 0.946235741444867, 0.9537]
EN test scores: [0.9953259999999999, 0.996932, 0.996641656662665, 0.99722, 0.997035, 1.0, 1.0, 1.0, 1.0, 1.0, 1.0, 1.0, 1.0, 1.0, 1.0, 1.0, 1.0, 1.0, 1.0, 1.0]
CCE test scores: [0.998193, 0.998262, 0.9982292917166866, 0.998328, 0.998325, 0.9984213685474189, 0.9984593837535014, 0.998432, 0.9984684684684685, 0.9985200000000001, 0.9987114537444934, 0.9986778846153845, 0.9986848958333333, 0.9985714285714286, 0.9987537537537537, 0.9987980769230769, 0.998673469387755, 0.9987725631768953, 0.9986501901140684, 0.99882]
Exp group: 3
ASID test scores: [0.9999879975995198, 0.9999979991996799, 1.0, 1.0, 1.0, 1.0, 1.0, 1.0, 1.0, 1.0, 1.0, 1.0, 1.0, 1.0, 1.0, 1.0, 1.0, 1.0, 1.0, 1.0]
KS test scores: [0.995, 0.995, 0.995, 0.995, 0.995, 1.0, 1.0, 1.0, 1.0, 1.0, 1.0, 1.0, 1.0, 1.0, 1.0, 1.0, 1.0, 1.0, 1.0, 1.0]
regularity test scores: [0.9120630000000001, 0.961894, 0.9766536614645859, 0.9808600000000001, 0.98339, 0.9858043217286914, 0.9862044817927171, 0.9861920000000001, 0.9861801801801803, 0.9857199999999999, 0.9851982378854626, 0.9861899038461538, 0.9855859375, 0.9845938375350141, 0.9833183183183183, 0.9846474358974359, 0.984608843537415, 0.9827075812274368, 0.9838783269961978, 0.98424]
EN test scores: [0.999849, 0.999862, 0.9998619447779111, 0.99986, 0.99986, 1.0, 1.0, 1.0, 1.0, 1.0, 1.0, 1.0, 1.0, 1.0, 1.0, 1.0, 1.0, 1.0, 1.0, 1.0]
CCE test scores: [0.998178, 0.998252, 0.998202280912365, 0.99834, 0.99831, 0.9984093637454982, 0.9984453781512606, 0.9984, 0.9984684684684685, 0.9985200000000001, 0.9987114537444934, 0.9986778846153845, 0.9986588541666667, 0.9985434173669467, 0.9987537537537537, 0.9987660256410256, 0.998639455782313, 0.9987003610108304, 0.9986501901140684, 0.99878]
